
function y = simple_fitnessf(x)
y = 19500 *x(1) + 200 *x(2) + 300*x(3) + 13500*x(4) + 6500*x(5) + 20000*x(6);
end
