RestaurantId,Topic1,Topic2,Topic3,Topic4,Topic5
50008,0.06962612,0.287816913,0.393983044,0.176829274,0.07174465
50024,0.403515055,0.057989555,0.267173506,0.206925992,0.064395891
50031,0.09495953,0.150568614,0.400210906,0.166180266,0.188080684
50066,0.093350006,0.410047615,0.265595926,0.173116863,0.05788959
50121,0.113432069,0.300167926,0.354864917,0.130583117,0.100951971
50143,0.097416744,0.3233004,0.338170986,0.171337315,0.069774555
50145,0.12304387,0.324340631,0.35395165,0.10866367,0.090000178
50160,0.191562049,0.116507801,0.30419053,0.337263059,0.050476561
50162,0.251139438,0.256251299,0.311145203,0.107000263,0.074463796
50176,0.119056582,0.152690596,0.213940546,0.442015103,0.072297173
50223,0.148781463,0.102221154,0.495175135,0.16756556,0.086256688
50230,0.168666985,0.102044759,0.490740456,0.179413894,0.059133907
50249,0.14230552,0.339377278,0.302465318,0.135256108,0.080595777
50258,0.155888481,0.226680258,0.303531743,0.202729526,0.111169992
50268,0.072431244,0.260718905,0.418336636,0.183550096,0.064963119
50289,0.130568884,0.215439652,0.31837342,0.210442931,0.125175113
50314,0.480015161,0.056687929,0.23876343,0.152573399,0.071960081
50351,0.075533192,0.40276268,0.358320254,0.100233304,0.06315057
50360,0.172383414,0.319916507,0.313089411,0.114967853,0.079642815
50361,0.117770697,0.322937573,0.323981375,0.118072016,0.117238339
50393,0.094884852,0.370635647,0.32721097,0.132836792,0.074431738
50405,0.069104275,0.097588565,0.229597723,0.517811407,0.085898029
50407,0.065590407,0.266909957,0.271142418,0.320934916,0.075422302
50408,0.082632875,0.367684965,0.286098081,0.16819844,0.095385638
50437,0.111505557,0.329644392,0.293820691,0.158378737,0.106650624
50448,0.073775135,0.264605448,0.397466189,0.198205486,0.065947743
50452,0.189867189,0.296706407,0.301325769,0.124891042,0.087209593
50457,0.083926944,0.22972588,0.487339796,0.112676165,0.086331215
50462,0.088025189,0.074275142,0.358274538,0.410821721,0.068603411
50474,0.103113589,0.30632972,0.292807424,0.167206371,0.130542896
50484,0.179438073,0.329491329,0.295533459,0.081616783,0.113920355
50494,0.081576044,0.566367906,0.199244218,0.08795818,0.064853652
50496,0.080775576,0.373488328,0.340202755,0.093578991,0.111954348
50502,0.064550196,0.329230233,0.341455312,0.134511722,0.130252538
50503,0.09919793,0.438762859,0.202417914,0.132522829,0.127098468
50505,0.10844449,0.379766443,0.283475038,0.144046915,0.084267115
50506,0.045089774,0.387832448,0.366199736,0.082135618,0.118742424
50511,0.135983794,0.136664269,0.547181514,0.135002579,0.045167843
50567,0.053302448,0.400259323,0.285388293,0.128233606,0.13281633
50592,0.139800667,0.262441125,0.429861619,0.090435765,0.077460823
50599,0.056087002,0.34715496,0.350741448,0.146848611,0.099167979
50610,0.091832776,0.338626737,0.264327122,0.196630965,0.1085824
50620,0.15695422,0.217180939,0.409718963,0.149494204,0.066651674
50647,0.069445445,0.386943771,0.296539065,0.142069531,0.105002188
50663,0.110534778,0.15382775,0.242715084,0.277975375,0.214947013
50691,0.096318166,0.459491645,0.209491177,0.167330336,0.067368677
50693,0.272247916,0.149328246,0.294192592,0.211850999,0.072380247
50712,0.121075947,0.238745896,0.472456021,0.069013232,0.098708905
50720,0.068798501,0.383377425,0.300760766,0.129424624,0.117638683
50742,0.118616576,0.206480801,0.377725571,0.231735426,0.065441627
50751,0.054989805,0.421545714,0.314189158,0.139179587,0.070095736
50758,0.083652664,0.192129399,0.283425224,0.366104563,0.07468815
50769,0.13853848,0.476376514,0.165171979,0.0959428,0.123970227
50843,0.169617962,0.128538453,0.479368084,0.14745079,0.075024711
50855,0.060362457,0.239694545,0.41943711,0.172158057,0.108347831
50870,0.088204588,0.321141922,0.333227095,0.178989312,0.078437083
50871,0.076455446,0.214892484,0.265322894,0.202541154,0.240788023
50877,0.118959477,0.085404407,0.257233744,0.418274993,0.120127379
50879,0.082875126,0.24743015,0.427124947,0.088234198,0.154335579
50887,0.140181221,0.35126473,0.246734153,0.161754151,0.100065745
50888,0.192906145,0.259372082,0.308896477,0.112922962,0.125902334
50890,0.095714148,0.236271308,0.305171476,0.280689603,0.082153465
50895,0.06109297,0.293911998,0.367209967,0.173684068,0.104100997
50896,0.065501537,0.187810538,0.555552832,0.131556503,0.059578591
50941,0.420944171,0.083065747,0.182974474,0.194298033,0.118717576
50943,0.082884692,0.41906644,0.296447525,0.146289223,0.05531212
50949,0.114352438,0.264971751,0.345676458,0.126835009,0.148164344
50956,0.094597257,0.206077292,0.464287642,0.17107363,0.063964178
50963,0.131700554,0.290190385,0.42127582,0.094148398,0.062684843
50965,0.07930404,0.273971627,0.416518134,0.126567499,0.1036387
50972,0.110339536,0.302741538,0.390752956,0.140603582,0.055562388
50975,0.059331138,0.135608232,0.229037695,0.498458745,0.077564191
50976,0.096149144,0.337687203,0.335640005,0.146234387,0.084289261
50988,0.38332613,0.056706045,0.229933597,0.231359518,0.098674709
50995,0.145106029,0.13458714,0.364402575,0.283656642,0.072247615
51007,0.100303682,0.33751545,0.281275319,0.135045923,0.145859626
51008,0.20714433,0.117474979,0.401042967,0.185339684,0.08899804
51010,0.195096447,0.202260911,0.366964449,0.160747671,0.074930521
51014,0.070889793,0.12911295,0.217385375,0.475663747,0.106948135
51017,0.089554485,0.308414713,0.35136557,0.181742289,0.068922943
51027,0.20799057,0.280066558,0.299332834,0.130921507,0.081688532
51038,0.200952852,0.103498405,0.463005067,0.176359838,0.056183838
51039,0.169065839,0.095340665,0.465684025,0.215596759,0.054312711
51040,0.16156531,0.093792133,0.485347704,0.214879851,0.044415002
51065,0.101132476,0.059750313,0.166594078,0.288453598,0.384069534
51067,0.109576458,0.23071763,0.323958171,0.253184167,0.082563574
51073,0.136921049,0.324082234,0.316649891,0.119383399,0.102963427
51095,0.214931203,0.059875947,0.379506335,0.235777746,0.109908769
51096,0.10111952,0.380124482,0.318633989,0.104309564,0.095812444
51109,0.078202082,0.354319692,0.339854304,0.151943193,0.075680728
51120,0.054413599,0.36351214,0.359757936,0.127338949,0.094977377
51134,0.103808388,0.246595639,0.400611113,0.148512594,0.100472266
51144,0.336950549,0.07471001,0.304039768,0.226346067,0.057953606
51155,0.125422026,0.199113271,0.309309116,0.288571226,0.07758436
51164,0.139997445,0.321969862,0.328116304,0.135429181,0.074487207
51203,0.099568531,0.299682757,0.421677686,0.088717482,0.090353544
51212,0.088624226,0.20556165,0.491268276,0.115762583,0.098783265
51234,0.08864531,0.373919343,0.300560637,0.109806138,0.127068572
51236,0.113050484,0.381793618,0.344820802,0.072380495,0.087954602
51246,0.103577528,0.336734709,0.311389402,0.170212216,0.078086145
51254,0.097368125,0.228765333,0.439441246,0.169663399,0.064761897
51255,0.093428592,0.212240471,0.414633412,0.205596061,0.074101464
51283,0.106616413,0.322808428,0.317447878,0.137306425,0.115820857
51285,0.111956794,0.441390047,0.319103472,0.054599889,0.072949797
51293,0.166987317,0.070440357,0.292720826,0.414103484,0.055748016
51338,0.124727151,0.290695089,0.313083525,0.179330907,0.092163327
51344,0.12789267,0.138302433,0.307853959,0.286322278,0.139628661
51349,0.081085583,0.201139323,0.47878471,0.110310111,0.128680272
51381,0.110176086,0.223536741,0.445428431,0.083944547,0.136914195
51404,0.113232812,0.169564153,0.383194144,0.196150785,0.137858105
51406,0.08159536,0.331715126,0.304617331,0.200930047,0.081142137
51436,0.07296552,0.408516554,0.318040433,0.140619584,0.059857909
51465,0.115348639,0.078515137,0.423474501,0.261392351,0.121269371
51466,0.117570954,0.171369662,0.416805057,0.19386121,0.100393118
51473,0.055039548,0.351914449,0.295620313,0.149242202,0.148183488
51488,0.153558804,0.322256196,0.377287503,0.044705318,0.10219218
51491,0.089332325,0.275936178,0.386648494,0.153385155,0.094697846
51493,0.140800576,0.257759831,0.410708518,0.092864545,0.097866531
51496,0.077375168,0.231291365,0.295226227,0.218130268,0.177976972
51500,0.048790311,0.420392998,0.24810775,0.214691513,0.068017428
51510,0.182759095,0.139288349,0.289601111,0.317694087,0.070657357
51511,0.069716868,0.35561547,0.293064929,0.186605025,0.094997708
51520,0.080201867,0.276162451,0.464804818,0.11061348,0.068217384
51532,0.160109178,0.228181377,0.365323645,0.139192789,0.107193011
51543,0.076356911,0.353144844,0.301609269,0.181398576,0.0874904
51552,0.054929527,0.094138686,0.216259438,0.562831431,0.071840918
51576,0.40146584,0.07166235,0.205826449,0.1863033,0.134742062
51591,0.099186489,0.191825417,0.406421294,0.170670938,0.131895862
51600,0.141432108,0.310995956,0.261306571,0.184320386,0.101944978
51601,0.119796173,0.302913867,0.272142721,0.196036255,0.109110985
51610,0.062777054,0.184616126,0.51630044,0.182408838,0.053897542
51616,0.058322811,0.141011099,0.213939096,0.439502111,0.147224882
51629,0.048289057,0.10977783,0.322171193,0.458451798,0.061310122
51633,0.034112112,0.103728612,0.211473948,0.519466307,0.131219021
51639,0.087437387,0.474082892,0.21782403,0.14121462,0.079441072
51643,0.076201036,0.195445281,0.468734296,0.179084718,0.08053467
51649,0.065957203,0.38003403,0.382003928,0.094879506,0.077125333
51677,0.099988523,0.268323334,0.298788598,0.243540083,0.089359461
51705,0.098296865,0.075582193,0.244967662,0.528966257,0.052187023
51706,0.230191574,0.158031677,0.369960364,0.196577093,0.045239292
51775,0.053093172,0.335416919,0.374490948,0.186458816,0.050540146
51781,0.13040636,0.17511598,0.499761058,0.132226853,0.062489749
51785,0.104934975,0.129748352,0.344585516,0.21574458,0.204986577
51794,0.122637964,0.172491501,0.459558196,0.172375193,0.072937146
51800,0.054169267,0.162405892,0.481007762,0.160240888,0.142176192
51805,0.072407375,0.247803023,0.421272312,0.134888008,0.123629283
51816,0.046741784,0.468638245,0.200850908,0.193676305,0.090092757
51820,0.037247422,0.426859087,0.363792425,0.083362166,0.0887389
51822,0.119437556,0.180241086,0.253322752,0.370188886,0.076809722
51834,0.108900419,0.266597216,0.390596677,0.123763037,0.11014265
51842,0.058000302,0.232271631,0.392002156,0.191544307,0.126181603
51898,0.136500774,0.201813688,0.352125676,0.081352077,0.228207785
51907,0.074512087,0.092912393,0.234588701,0.537402314,0.060584506
51912,0.103682367,0.289660489,0.311713498,0.162100509,0.132843137
51916,0.133949432,0.221922068,0.410994112,0.187975785,0.045158604
51941,0.070039674,0.44892671,0.251818586,0.119180382,0.110034647
51943,0.100226501,0.440438661,0.207648392,0.199591745,0.052094701
51978,0.17581092,0.305442175,0.289289979,0.137381407,0.092075518
51984,0.045139719,0.075339121,0.254965447,0.521950273,0.10260544
52023,0.095884419,0.285637091,0.414902296,0.12686647,0.076709724
52024,0.032946342,0.100908375,0.339593081,0.480156607,0.046395595
52025,0.047937459,0.332723917,0.410237568,0.117359257,0.091741799
52041,0.128119078,0.162147023,0.427581792,0.20568249,0.076469617
52051,0.056610295,0.039438273,0.447792678,0.35490627,0.101252483
52080,0.136911754,0.137139678,0.345036826,0.110199705,0.270712037
52088,0.077277708,0.13081485,0.495190433,0.154006095,0.142710915
52093,0.220489361,0.173219408,0.259149732,0.273209893,0.073931606
52098,0.19651456,0.06918919,0.203714948,0.294202692,0.236378611
52103,0.130360983,0.20580272,0.375745904,0.143800476,0.144289916
52117,0.165871194,0.136382193,0.422478837,0.139434796,0.13583298
52140,0.08246238,0.421169985,0.275533399,0.163067733,0.057766503
52211,0.068403209,0.260265414,0.383644896,0.187749159,0.099937322
52212,0.111905238,0.082294352,0.323521049,0.351335144,0.130944217
52225,0.096550688,0.154338669,0.311627137,0.268206331,0.169277175
52228,0.083486754,0.319205767,0.378404166,0.157319593,0.06158372
52238,0.048143037,0.407944275,0.286175745,0.172104045,0.085632898
52246,0.104613578,0.146704287,0.515589497,0.166222402,0.066870237
52253,0.142045501,0.145973458,0.442393928,0.199213659,0.070373454
52255,0.091008678,0.151000148,0.565008242,0.134008204,0.058974728
52291,0.12018875,0.309221088,0.351817538,0.14445333,0.074319294
52297,0.097692472,0.433637986,0.240841544,0.146067357,0.081760641
52305,0.028857758,0.163888515,0.100611899,0.656434142,0.050207685
52306,0.1241912,0.453486764,0.191016146,0.171710399,0.05959549
52312,0.069364472,0.599211362,0.142496801,0.130809191,0.058118174
52313,0.15552156,0.197480713,0.421725598,0.143554891,0.081717238
52318,0.063810046,0.463142564,0.18971555,0.215896567,0.067435273
52320,0.060589198,0.499434367,0.308829315,0.068433463,0.062713658
52324,0.101642992,0.440969154,0.218473914,0.187021865,0.051892075
52334,0.100514083,0.210290609,0.424838632,0.174922982,0.089433694
52343,0.119856871,0.223952211,0.353054895,0.16100396,0.142132062
52363,0.104602899,0.293213841,0.362078612,0.13605283,0.104051818
52372,0.078361226,0.44179351,0.234317755,0.175844085,0.069683424
52389,0.071558914,0.194719298,0.50835762,0.166438525,0.058925643
52397,0.077325087,0.324401411,0.347869863,0.149120268,0.101283371
52406,0.150256676,0.434783041,0.258487367,0.09275577,0.063717146
52408,0.136622274,0.142215575,0.287531253,0.2041595,0.229471398
52409,0.109554031,0.458396751,0.291912148,0.095568021,0.04456905
52421,0.065805596,0.261810545,0.405083771,0.186007606,0.081292482
52424,0.080202365,0.284513585,0.378179682,0.178243249,0.07886112
52435,0.107482755,0.163242341,0.379043787,0.202381059,0.147850059
52436,0.085775333,0.146491843,0.244826704,0.420273693,0.102632428
52459,0.123151365,0.07614156,0.148236052,0.238376917,0.414094105
52475,0.359281775,0.065896656,0.374052792,0.126594285,0.074174492
52501,0.094275786,0.32945844,0.315325921,0.180608499,0.080331353
52504,0.098520343,0.332391018,0.396205759,0.10753591,0.065346971
52506,0.073716749,0.444522824,0.236742827,0.171063867,0.073953733
52516,0.11507974,0.192962486,0.479015384,0.129347559,0.083594831
52521,0.082065636,0.394044381,0.20598627,0.255371832,0.062531882
52553,0.211510161,0.230791978,0.379345479,0.086869541,0.091482842
52558,0.102996879,0.286364707,0.415249257,0.135619053,0.059770105
52586,0.22199816,0.110843729,0.519152877,0.1030535,0.044951734
52587,0.185098149,0.350573558,0.239124639,0.141435681,0.083767973
52589,0.139942058,0.269109881,0.227398138,0.287777137,0.075772786
52628,0.095294837,0.459789006,0.263735405,0.107133224,0.074047528
52642,0.104636927,0.247198131,0.440695227,0.135067741,0.072401973
52673,0.066564701,0.097508473,0.538357306,0.071985214,0.225584306
52674,0.082993108,0.385178796,0.304616859,0.175404694,0.051806544
52682,0.100802405,0.12641279,0.417999591,0.245403798,0.109381416
52712,0.097633495,0.292967068,0.43155244,0.103942138,0.073904858
52714,0.076990414,0.14974523,0.362044181,0.21161922,0.199600956
52717,0.242621593,0.057994267,0.484683412,0.161140779,0.053559949
52718,0.057486784,0.10632687,0.323138581,0.417861293,0.09518647
52721,0.30087549,0.087028065,0.162767956,0.310526387,0.138802102
52732,0.116687599,0.116759505,0.408778591,0.231806569,0.125967737
52752,0.078443952,0.45954017,0.175222939,0.213865564,0.072927375
52775,0.244649429,0.368320386,0.236979841,0.087521664,0.062528681
52797,0.107355078,0.423802239,0.304739066,0.092269354,0.071834263
52822,0.143811929,0.430659942,0.219171008,0.138785627,0.067571493
52846,0.079526977,0.35961136,0.272224811,0.222667677,0.065969176
52848,0.070389098,0.19325218,0.441253879,0.237665837,0.057439006
52859,0.073304268,0.249203473,0.335323132,0.286429739,0.055739388
52870,0.511203826,0.042319615,0.302436174,0.092216783,0.051823602
52879,0.516513209,0.037026694,0.070372281,0.307815994,0.068271823
52893,0.097908018,0.190816417,0.452054611,0.191843074,0.067377879
52918,0.095323528,0.195239998,0.44604909,0.194002636,0.069384748
52921,0.080408081,0.340894599,0.3526826,0.130054266,0.095960454
52925,0.355339808,0.04447128,0.183560598,0.253433242,0.163195072
52941,0.482853838,0.067744739,0.205835438,0.14694565,0.096620336
52949,0.166242554,0.103049623,0.320856299,0.268025183,0.141826342
52950,0.076017171,0.230615888,0.472677572,0.156609667,0.064079702
52969,0.122664676,0.135419937,0.319360729,0.360320979,0.062233679
52988,0.10826775,0.089700651,0.402043385,0.239761025,0.160227188
52993,0.087995654,0.146831385,0.231338962,0.176835102,0.356998897
53015,0.133012125,0.143671989,0.481343122,0.059106552,0.182866212
53039,0.107533401,0.363505443,0.35385278,0.11781299,0.057295386
53041,0.088301158,0.274858929,0.44030053,0.117847978,0.078691406
53044,0.103046759,0.265879433,0.417105624,0.112300197,0.101667988
53045,0.058771035,0.244203828,0.412951265,0.215716274,0.068357598
53057,0.057982492,0.164996822,0.497389275,0.183192968,0.096438443
53079,0.189441182,0.208822286,0.356766939,0.17301081,0.071958783
53085,0.159845758,0.049384065,0.27484795,0.219734038,0.296188188
53105,0.060103317,0.571361993,0.22149178,0.05373094,0.093311969
53114,0.146600125,0.313451957,0.329809333,0.11202272,0.098115866
53123,0.05685908,0.181815681,0.468509202,0.244971745,0.047844291
53144,0.064743208,0.303864692,0.331133577,0.227055788,0.073202735
53165,0.107265367,0.441034405,0.237957144,0.13305452,0.080688564
53188,0.280709803,0.09626075,0.440347175,0.141113233,0.041569039
53199,0.224485578,0.077558806,0.443087788,0.17226742,0.082600407
53202,0.133558503,0.23399422,0.350133147,0.194870548,0.087443582
53209,0.09499434,0.417396616,0.312216755,0.117189759,0.05820253
53211,0.17489143,0.183324505,0.399432675,0.174865878,0.067485512
53218,0.08135824,0.396190831,0.319491945,0.130534234,0.07242475
53221,0.085263089,0.22827636,0.390891463,0.229875534,0.065693554
53263,0.087195437,0.091542432,0.268866083,0.49229741,0.060098638
53306,0.124598691,0.078592138,0.224114563,0.501431356,0.071263252
53311,0.08922629,0.180780587,0.361782142,0.254558077,0.113652905
53314,0.517755971,0.049006661,0.236757898,0.150463522,0.046015948
53317,0.122827693,0.102090526,0.331930937,0.352396064,0.090754779
53320,0.073224807,0.084396754,0.388367762,0.146479375,0.307531302
53339,0.064320876,0.305367978,0.353180869,0.173207063,0.103923214
53349,0.078942712,0.215116289,0.397257027,0.249273098,0.059410873
53354,0.053807136,0.215730725,0.571883053,0.089255572,0.069323515
53358,0.174657156,0.147814855,0.326508526,0.263142269,0.087877194
53360,0.421608202,0.088513793,0.195390828,0.227151008,0.067336168
53372,0.063908457,0.353353869,0.360957492,0.134523518,0.087256664
53375,0.116287028,0.328707109,0.290509786,0.175240367,0.089255711
53376,0.057505463,0.288544911,0.400187534,0.152100319,0.101661773
53384,0.148310157,0.087835632,0.341319951,0.292250034,0.130284226
53396,0.268144803,0.15692824,0.306792949,0.181920026,0.086213983
53406,0.187851803,0.319917629,0.30688812,0.116696095,0.068646352
53448,0.156332689,0.170652203,0.425510457,0.138711788,0.108792863
53449,0.090689086,0.147088686,0.360585895,0.23462527,0.167011063
53474,0.114470962,0.27596078,0.394030276,0.142999071,0.072538912
53492,0.123400745,0.241499527,0.25398255,0.241882119,0.139235059
53494,0.062264765,0.364217609,0.232969469,0.243190036,0.09735812
53499,0.107692627,0.223482175,0.319013257,0.220401542,0.129410399
53518,0.14536111,0.104988311,0.512225022,0.143674808,0.093750749
53580,0.113243383,0.321597734,0.340999398,0.104715991,0.119443494
53589,0.092437895,0.322987082,0.282317218,0.190850058,0.111407747
53592,0.072442186,0.347365746,0.296815239,0.217061688,0.066315142
53596,0.074777694,0.262174836,0.432940179,0.139676868,0.090430424
53597,0.096127275,0.23591713,0.355452135,0.254627505,0.057875954
53600,0.082759877,0.383523668,0.285624441,0.101653046,0.146438968
53654,0.06937722,0.296769044,0.277208209,0.216392795,0.140252732
53677,0.207900505,0.042298187,0.510497666,0.151657501,0.087646141
53700,0.072507409,0.13879062,0.429057468,0.238776005,0.120868498
53704,0.069707793,0.052358448,0.268805085,0.530094666,0.079034008
53705,0.090078439,0.260546127,0.4653346,0.099895214,0.084145619
53707,0.144843092,0.32097907,0.403300557,0.077405617,0.053471663
53708,0.085499129,0.235795947,0.499960864,0.097460794,0.081283266
53730,0.087026083,0.26606458,0.436407592,0.111486229,0.099015516
53754,0.165155878,0.163698697,0.318874321,0.230986952,0.121284153
53765,0.080847676,0.287615088,0.29565495,0.258290683,0.077591603
53822,0.076054667,0.175266556,0.436978472,0.235977344,0.075722961
53835,0.144904779,0.12714616,0.384249376,0.100868656,0.242831029
53872,0.071508947,0.130523015,0.298824013,0.446438372,0.052705654
53877,0.163813113,0.086801325,0.454821401,0.23393767,0.060626491
53888,0.095181015,0.280520314,0.353968129,0.131859412,0.13847113
53893,0.084703416,0.242047975,0.381878353,0.214296129,0.077074126
53913,0.077718081,0.33916111,0.337990549,0.117665589,0.127464672
53914,0.083574244,0.125460138,0.233052712,0.488736123,0.069176783
53931,0.125767983,0.131470181,0.348284933,0.237102131,0.157374772
53933,0.068100536,0.158259903,0.527185557,0.153317153,0.093136851
53934,0.067951646,0.133315046,0.384771872,0.271303597,0.142657839
53976,0.469809222,0.041770945,0.298498493,0.152665945,0.037255396
53996,0.125342522,0.249113154,0.405311038,0.159993688,0.060239599
54044,0.122119992,0.076001346,0.255343106,0.492804685,0.053730871
54045,0.097192128,0.170053468,0.351987044,0.273134619,0.107632741
54046,0.057702656,0.157046115,0.300456999,0.428830712,0.055963517
54048,0.062076865,0.327980227,0.340623857,0.203196506,0.066122546
54061,0.092967536,0.099116778,0.218917166,0.29264957,0.29634895
54062,0.123539137,0.132010112,0.381614714,0.169281222,0.193554814
54078,0.059640667,0.252262619,0.361239765,0.258551667,0.068305282
54084,0.1158722,0.365011014,0.26358505,0.141313472,0.114218264
54086,0.128042139,0.133086881,0.385628709,0.192259071,0.1609832
54089,0.058790106,0.344191896,0.267654429,0.261875944,0.067487624
54091,0.118333361,0.118757187,0.414765147,0.236873176,0.111271128
54094,0.088200689,0.30273673,0.262112262,0.267273358,0.079676962
54097,0.086819495,0.083123515,0.220195195,0.558889978,0.050971817
54110,0.163418303,0.153161127,0.382077506,0.218067399,0.083275665
54112,0.054254434,0.439400504,0.231787669,0.224242367,0.050315026
54127,0.103996297,0.131426245,0.357216342,0.354433001,0.052928116
54153,0.171000966,0.235589052,0.338927489,0.194526427,0.059956065
54162,0.067426263,0.367957749,0.31927869,0.203895683,0.041441614
54166,0.107883166,0.251955491,0.38796085,0.160715776,0.091484717
54184,0.065059143,0.393926855,0.29135523,0.183012516,0.066646255
54195,0.073117186,0.503907778,0.268943599,0.07679216,0.077239277
54209,0.078272203,0.250376179,0.329898068,0.288066561,0.053386988
54211,0.104405047,0.327238579,0.241048843,0.269766317,0.057541214
54223,0.098703812,0.348346128,0.343050401,0.149534535,0.060365124
54233,0.077018613,0.249154582,0.481253567,0.124032608,0.068540631
54242,0.064419664,0.203890663,0.547502119,0.119877331,0.064310225
54257,0.113202986,0.181778074,0.268122928,0.272342943,0.164553069
54273,0.064205904,0.251741005,0.468594945,0.138761589,0.076696558
54305,0.401061167,0.116860797,0.138327857,0.259827338,0.08392284
54309,0.590647344,0.039628379,0.113149085,0.127599045,0.128976148
54321,0.038085584,0.141271245,0.332794795,0.429411648,0.058436729
54323,0.081876109,0.303448569,0.232942017,0.153712388,0.228020917
54333,0.125958202,0.199298341,0.356756389,0.205200461,0.112786607
54334,0.072310149,0.412638388,0.289734913,0.17049603,0.05482052
54361,0.010129995,0.468695456,0.16783324,0.191864734,0.161476575
54397,0.154189973,0.174407606,0.384128098,0.226390821,0.060883503
54401,0.443885715,0.03742065,0.139128361,0.264853133,0.114712141
54408,0.100205146,0.118457945,0.417086019,0.133027913,0.231222977
54416,0.11067823,0.27524623,0.279281727,0.160013667,0.174780146
54446,0.171242312,0.073063596,0.485693322,0.24046972,0.029531051
54470,0.070160845,0.11953388,0.228369095,0.518211522,0.063724657
54503,0.080837796,0.101285263,0.271482563,0.492456446,0.053937932
54507,0.528657101,0.050557532,0.197702535,0.141420791,0.081662041
54519,0.213200847,0.291254668,0.306390794,0.127688798,0.061464893
54546,0.111830826,0.154281095,0.481273743,0.161073318,0.091541018
54581,0.066264405,0.085725117,0.336401948,0.442758529,0.068850002
54585,0.046848054,0.074113549,0.407427021,0.172137977,0.2994734
54600,0.073768205,0.522658325,0.21846992,0.107960849,0.077142701
54601,0.126201189,0.061664371,0.557149689,0.206066052,0.048918699
54625,0.116123039,0.2445596,0.337212043,0.220427963,0.081677355
54626,0.043394876,0.092384446,0.245945746,0.577115785,0.041159147
54656,0.065679599,0.135572437,0.425794838,0.242548538,0.130404587
54663,0.077179822,0.42383727,0.319867904,0.114703797,0.064411207
54687,0.058804504,0.326492596,0.389974337,0.081919336,0.142809227
54698,0.120934273,0.071838718,0.374714968,0.360523089,0.071988951
54713,0.11876346,0.202568211,0.437156669,0.147002381,0.094509279
54718,0.057644812,0.34678992,0.429442123,0.094148912,0.071974233
54728,0.086829978,0.403894733,0.267594781,0.162148043,0.079532465
54763,0.076884949,0.328281066,0.375689173,0.124309373,0.09483544
54786,0.119678294,0.149424979,0.315649234,0.273475397,0.141772097
54787,0.164216826,0.186947343,0.365196048,0.197132374,0.086507409
54813,0.089992094,0.156181472,0.497667364,0.159917161,0.096241908
54819,0.098084957,0.382775762,0.307856741,0.145169675,0.066112865
54822,0.098842648,0.199510402,0.487466267,0.128800238,0.085380444
54896,0.152756651,0.117277582,0.496172772,0.169514549,0.064278446
54908,0.030568368,0.142131943,0.453085798,0.20530599,0.168907901
54910,0.303755911,0.154497118,0.166517938,0.230092208,0.145136826
54928,0.114453535,0.136514121,0.43817275,0.177194309,0.133665286
54946,0.101758575,0.134485681,0.263300426,0.303915627,0.196539691
54996,0.279747158,0.068243575,0.281462423,0.257541305,0.11300554
54999,0.161340124,0.054919734,0.53206537,0.16664526,0.085029512
55025,0.063741404,0.134160696,0.269258787,0.467091849,0.065747264
55042,0.070190249,0.177148862,0.490258573,0.188212177,0.07419014
55055,0.154081828,0.384368204,0.258139361,0.141700058,0.061710549
55069,0.062087209,0.275531363,0.371707498,0.209547127,0.081126804
55070,0.062547764,0.212389656,0.413048637,0.189799048,0.122214895
55074,0.096365467,0.469077935,0.219844848,0.168275305,0.046436445
55079,0.212402151,0.07130063,0.380292626,0.261251758,0.074752835
55084,0.045337132,0.174900976,0.323604902,0.393613292,0.062543699
55090,0.119591549,0.183671342,0.442865257,0.148170476,0.105701376
55117,0.375478877,0.052152239,0.214914756,0.259682513,0.097771614
55180,0.106114569,0.126327404,0.439687885,0.206251175,0.121618967
55182,0.190890948,0.27171543,0.277076122,0.225375094,0.034942407
55255,0.088184944,0.468453954,0.273030561,0.113027134,0.057303407
55261,0.07891169,0.136929352,0.142774987,0.243582066,0.397801905
55268,0.106088045,0.410342685,0.263087813,0.160008045,0.060473412
55272,0.087024632,0.21661792,0.293955767,0.232760262,0.169641419
55275,0.081715166,0.480910695,0.256949648,0.127625249,0.052799242
55305,0.160124735,0.386608001,0.297319448,0.099276687,0.05667113
55353,0.082703879,0.102246607,0.253809321,0.493833878,0.067406315
55365,0.125158312,0.393797926,0.226703435,0.187528001,0.066812327
55398,0.139487317,0.207545909,0.450390693,0.135899276,0.066676804
55419,0.151049618,0.246857864,0.320920555,0.194427834,0.086744129
55428,0.096846252,0.427590868,0.279278,0.135870347,0.060414534
55447,0.063977158,0.106786616,0.326883534,0.449698688,0.052654004
55479,0.099925546,0.270433723,0.354926893,0.189214077,0.085499761
55531,0.043542171,0.38842726,0.277411953,0.193931247,0.09668737
55545,0.084322506,0.111638297,0.205967289,0.218075234,0.379996675
55547,0.146386495,0.149098686,0.476111073,0.148340239,0.080063507
55575,0.069012839,0.233129561,0.400611481,0.232774306,0.064471812
55636,0.047348609,0.298808926,0.315456144,0.261078349,0.077307972
55673,0.369985025,0.047186073,0.232263781,0.19091098,0.159654141
55698,0.110485787,0.428794133,0.222428634,0.161281423,0.077010024
55708,0.124263171,0.107158707,0.207006862,0.184368319,0.377202942
55714,0.349682439,0.124509536,0.255791791,0.176840101,0.093176133
55723,0.310834403,0.211558922,0.282261147,0.112377338,0.082968191
55774,0.300559511,0.085009273,0.454847497,0.108320377,0.051263342
55775,0.078600923,0.082348199,0.28806416,0.501977881,0.049008837
55788,0.158069213,0.156889453,0.38367348,0.239818379,0.061549475
55881,0.048046625,0.086499675,0.220232054,0.577134313,0.068087333
55886,0.079029029,0.374460959,0.337743507,0.10482081,0.103945695
55905,0.080315357,0.352594233,0.343840245,0.159232807,0.064017358
55907,0.120538429,0.411110055,0.259776578,0.143270564,0.065304374
55919,0.155087424,0.105360176,0.373742942,0.313266461,0.052542996
56016,0.088905105,0.218456218,0.35619965,0.217159917,0.11927911
56020,0.112200972,0.462040944,0.176891411,0.171303423,0.077563249
56022,0.05824888,0.174300275,0.380092539,0.296764897,0.09059341
56023,0.18306467,0.055720778,0.409148493,0.304717683,0.047348375
56025,0.115419772,0.372116813,0.34766832,0.097858787,0.066936308
56034,0.077628727,0.325546605,0.355430552,0.16171718,0.079676936
56039,0.209225788,0.340736887,0.271302692,0.112039294,0.06669534
56052,0.086040172,0.175082679,0.262884461,0.423969813,0.052022875
56173,0.116009906,0.461947017,0.217782918,0.126802923,0.077457236
56202,0.044474391,0.420951107,0.308140208,0.128097315,0.098336979
56219,0.080289125,0.370263764,0.278928008,0.227048745,0.043470358
56220,0.20947088,0.306074262,0.333749296,0.095664035,0.055041526
56231,0.118055464,0.261898412,0.380973884,0.155695296,0.083376944
56245,0.074915797,0.126264876,0.255365191,0.475299025,0.068155111
56249,0.150060551,0.125958779,0.392338311,0.256887228,0.07475513
56288,0.330243288,0.113458192,0.313743911,0.195059444,0.047495166
56377,0.126234976,0.114984846,0.386622391,0.165995675,0.206162113
56408,0.222788417,0.105345423,0.422938128,0.188885138,0.060042895
56440,0.085113809,0.157596993,0.540137599,0.143252116,0.073899483
56447,0.13634096,0.085523717,0.171519699,0.192941061,0.413674563
56451,0.152832606,0.382531969,0.272902625,0.103576495,0.088156305
56464,0.287492686,0.085526888,0.302610535,0.263552936,0.060816955
56467,0.087458761,0.102000127,0.302447394,0.442133638,0.065960079
56472,0.075936647,0.125415792,0.265738769,0.483358614,0.049550178
56498,0.277064809,0.162348253,0.367281837,0.127932608,0.065372493
56542,0.307838138,0.048016452,0.329340378,0.263993047,0.050811986
56555,0.043309666,0.216575965,0.483996267,0.179571371,0.07654673
56561,0.228667074,0.08776183,0.316471311,0.299213781,0.067886003
56564,0.15562729,0.161096695,0.374203552,0.244379079,0.064693384
56580,0.077773259,0.340322963,0.229252468,0.289309487,0.063341824
56618,0.116266893,0.351549999,0.255206904,0.232555734,0.044420469
56619,0.076550809,0.098085762,0.294009576,0.469424622,0.061929231
56646,0.14867448,0.297395603,0.358889273,0.160817121,0.034223523
56688,0.165178217,0.438910243,0.246193474,0.073673774,0.076044292
56697,0.105247901,0.38424144,0.276844982,0.151142893,0.082522784
56718,0.088464282,0.115338306,0.328503716,0.404364772,0.063328924
56744,0.058819625,0.0804389,0.314032802,0.468671215,0.078037458
56752,0.086054979,0.118244587,0.283915145,0.433975147,0.077810141
56788,0.113390447,0.300275933,0.35786158,0.129299428,0.099172612
56809,0.096654527,0.192238313,0.532461867,0.125193137,0.053452155
56817,0.089934614,0.402504192,0.353640269,0.077791726,0.076129199
56820,0.180325045,0.136916993,0.350802655,0.251804875,0.080150432
56902,0.190873836,0.100194162,0.493312127,0.170740398,0.044879477
56905,0.061794733,0.15388108,0.537553827,0.169910463,0.076859896
56982,0.161080221,0.154038784,0.406223769,0.185907888,0.092749338
56983,0.101128532,0.255096683,0.27320728,0.24946586,0.121101645
56985,0.188692105,0.216620411,0.311796171,0.227236618,0.055654695
57018,0.097135949,0.329823143,0.384457184,0.11219723,0.076386493
57031,0.051711563,0.130733487,0.209559417,0.516115913,0.091879621
57044,0.217542786,0.115047735,0.194240947,0.327044758,0.146123774
57067,0.105157239,0.430424289,0.240759682,0.138604071,0.085054719
57092,0.15007981,0.110023419,0.303417385,0.349030532,0.087448854
57101,0.123938164,0.173700219,0.31513251,0.197295049,0.189934058
57136,0.052152358,0.345013694,0.36102924,0.140045318,0.10175939
57143,0.258392633,0.07066312,0.429373046,0.152834511,0.088736689
57175,0.072933432,0.3234049,0.376949114,0.135724738,0.090987816
57177,0.066228171,0.136608434,0.243988776,0.487749422,0.065425196
57179,0.520626667,0.045261931,0.161521547,0.212064454,0.060525401
57199,0.101974363,0.40800633,0.245657018,0.162534414,0.081827875
57213,0.282965899,0.066282059,0.443455622,0.15058665,0.05670977
57215,0.55570854,0.068400089,0.133767195,0.18407357,0.058050606
57217,0.115538737,0.472646543,0.245882239,0.10285263,0.063079851
57221,0.081283723,0.382975098,0.267961968,0.199477042,0.068302169
57223,0.292253447,0.227064757,0.247292714,0.103668902,0.12972018
57240,0.141057888,0.134213059,0.519134582,0.162245963,0.043348507
57273,0.197399715,0.345600843,0.315196152,0.103587143,0.038216148
57274,0.135975216,0.061699322,0.584665069,0.135156041,0.082504353
57292,0.088598788,0.26051415,0.470964467,0.092509351,0.087413245
57295,0.176020893,0.083458627,0.46506607,0.140372189,0.13508222
57307,0.118766561,0.111038147,0.356326551,0.341633707,0.072235034
57315,0.123425754,0.067800797,0.320370241,0.182458775,0.305944434
57321,0.083809939,0.36996696,0.395452382,0.104807008,0.045963712
57329,0.159233223,0.099332057,0.497978167,0.172119877,0.071336675
57348,0.21938119,0.08056942,0.395113912,0.258994369,0.045941108
57355,0.093325683,0.105469591,0.297704843,0.442998956,0.060500927
57391,0.204915732,0.104913861,0.529664328,0.099485738,0.061020341
57435,0.480374701,0.057973468,0.236620238,0.152577398,0.072454195
57438,0.10307078,0.08673833,0.280256664,0.47645257,0.053481656
57520,0.076838661,0.416273628,0.298822828,0.147276843,0.060788039
57582,0.215436862,0.115167853,0.169844697,0.382424162,0.117126426
57586,0.272411786,0.296655366,0.259491958,0.127817822,0.043623069
57662,0.26952283,0.173071527,0.206045509,0.271935942,0.079424191
57678,0.079714657,0.098059328,0.269722102,0.491451351,0.061052561
57709,0.076445882,0.046246497,0.452782097,0.393399437,0.031126087
57736,0.164869054,0.141221212,0.348244052,0.275556543,0.070109139
57769,0.050756349,0.155694699,0.353609643,0.315887135,0.124052174
57785,0.312783833,0.039734046,0.188098162,0.257935236,0.201448722
57786,0.115969899,0.186315057,0.336044612,0.200815361,0.160855071
57827,0.188234777,0.390902154,0.16814979,0.175041448,0.077671831
57829,0.072207223,0.290293423,0.359593346,0.205343511,0.072562496
57833,0.074721487,0.123205839,0.276507507,0.462868692,0.062696475
57835,0.134017937,0.112179291,0.265263551,0.224071569,0.264467653
57867,0.128864782,0.193402099,0.349797863,0.17027304,0.157662217
57878,0.106801722,0.207261176,0.401731484,0.177499979,0.10670564
57892,0.115274929,0.160623312,0.476597535,0.182579044,0.06492518
57893,0.085149518,0.397074257,0.39979183,0.072851631,0.045132763
57948,0.118276309,0.071622858,0.298628649,0.347939752,0.163532432
57970,0.135704136,0.0902214,0.524118985,0.171114315,0.078841164
57972,0.301885779,0.081687928,0.430094529,0.135416239,0.050915525
57987,0.28181843,0.070222423,0.459723648,0.131159377,0.057076122
58019,0.077888083,0.532842795,0.16074799,0.16727831,0.061242822
58020,0.149460516,0.191800341,0.39799884,0.142596779,0.118143524
58021,0.073180862,0.558097304,0.095324136,0.231323928,0.042073771
58049,0.117428609,0.425731244,0.280179908,0.119882584,0.056777654
58079,0.137831347,0.172232451,0.488778182,0.100763916,0.100394105
58113,0.225761001,0.034404072,0.352802092,0.204616214,0.182416621
58129,0.097008073,0.390566203,0.33118902,0.125718818,0.055517886
58167,0.191221795,0.247829107,0.344031701,0.171500023,0.045417375
58191,0.067637369,0.392888152,0.296359445,0.183302679,0.059812356
58193,0.070546096,0.284663102,0.354099627,0.227534886,0.063156289
58219,0.297143827,0.075886909,0.229723428,0.257148322,0.140097515
58222,0.084237908,0.278360968,0.428726164,0.148400095,0.060274865
58240,0.351308435,0.194396147,0.108994915,0.256971408,0.088329095
58242,0.102848848,0.330347302,0.373761951,0.103619913,0.089421986
58243,0.118543844,0.275508648,0.335494737,0.199478675,0.070974096
58268,0.142762974,0.264607173,0.269228667,0.248869236,0.07453195
58270,0.077016286,0.423579216,0.319343006,0.124843124,0.055218368
58271,0.099595904,0.189832674,0.459954137,0.189307986,0.061309299
58273,0.413130541,0.078631966,0.198510698,0.249815867,0.059910928
58293,0.546350042,0.078050446,0.15543001,0.104895126,0.115274376
58294,0.17757339,0.115161963,0.350614202,0.296136952,0.060513493
58300,0.149536063,0.339632657,0.271705248,0.161759193,0.077366839
58310,0.159887642,0.174464423,0.477332994,0.137886593,0.050428349
58311,0.210501381,0.292575177,0.292781402,0.123862394,0.080279646
58334,0.091150594,0.491281702,0.242251039,0.11433844,0.060978225
58343,0.074434232,0.458526218,0.276491745,0.100990083,0.089557722
58345,0.366074289,0.103353224,0.233744846,0.206373038,0.090454604
58349,0.116355571,0.561096431,0.175806249,0.102889333,0.043852416
58350,0.115316345,0.397062353,0.292925278,0.125196705,0.069499319
58355,0.362956121,0.185835199,0.148644234,0.229041553,0.073522894
58379,0.094930195,0.251635797,0.427466405,0.151223448,0.074744154
58384,0.083751736,0.247021421,0.344512278,0.167164917,0.157549647
58397,0.137386295,0.076431908,0.539572641,0.166196088,0.080413068
58413,0.076667464,0.098780792,0.289574744,0.4609941,0.0739829
58427,0.052275254,0.421108302,0.261005081,0.117605853,0.148005511
58446,0.106571574,0.353616401,0.328031036,0.1145612,0.097219788
58463,0.140492372,0.133325742,0.489525316,0.159861038,0.076795533
58497,0.379146028,0.068348465,0.28124805,0.216197828,0.05505963
58499,0.144473648,0.151325686,0.395934934,0.226149067,0.082116665
58506,0.078574443,0.177800636,0.475797931,0.185647792,0.082179198
58507,0.533871726,0.039687899,0.181880308,0.158897685,0.085662383
58534,0.073275453,0.197896555,0.208624884,0.427434763,0.092768346
58571,0.29945197,0.083445799,0.237985822,0.309484452,0.069631957
58573,0.12660577,0.244933795,0.286880095,0.229364103,0.112216238
58609,0.058111797,0.088117749,0.394739638,0.212401239,0.246629577
58648,0.108179179,0.248979885,0.394996809,0.187510377,0.06033375
58656,0.066511952,0.179134961,0.46117413,0.173448805,0.119730152
58684,0.078183461,0.512628432,0.23119012,0.121266128,0.056731859
58698,0.124399511,0.321485629,0.311472424,0.178136004,0.064506431
58724,0.091693236,0.150560247,0.597273133,0.069087422,0.091385962
58744,0.096409918,0.290683307,0.242580348,0.303278484,0.067047943
58749,0.2853366,0.066449055,0.271475569,0.201396164,0.175342612
58756,0.536752454,0.055097264,0.184677094,0.16093752,0.062535669
58760,0.106074715,0.215603162,0.589972911,0.036729693,0.051619519
58768,0.113266579,0.194963083,0.490601546,0.139650522,0.061518269
58790,0.106676158,0.200280282,0.421513211,0.197420298,0.074110052
58804,0.489739596,0.063379541,0.192484553,0.213797907,0.040598403
58818,0.4517082,0.076749331,0.17143963,0.237840049,0.062262789
58819,0.056111283,0.08898946,0.264460617,0.525864612,0.064574028
58842,0.102058242,0.111513515,0.397697977,0.290758071,0.097972195
58844,0.066493917,0.141660593,0.253958879,0.466258922,0.071627689
58850,0.106581162,0.468489455,0.192711344,0.184552212,0.047665826
58853,0.076669908,0.088094941,0.311615338,0.470752404,0.052867408
58882,0.053845143,0.111719698,0.31858144,0.453840681,0.062013038
58902,0.061394519,0.489796217,0.256802875,0.105206459,0.08679993
58917,0.102414697,0.288825093,0.447310196,0.086365725,0.075084289
58918,0.043524202,0.436567943,0.355850712,0.028411666,0.135645477
58919,0.078910846,0.587665564,0.130344344,0.132039249,0.071039997
58922,0.051025969,0.264178102,0.433192523,0.163909359,0.087694048
58940,0.070610375,0.369186346,0.292032067,0.22034148,0.047829732
58973,0.031883464,0.210303108,0.391515194,0.33115262,0.035145614
58974,0.233928396,0.155283318,0.406375338,0.147535183,0.056877764
58998,0.142897014,0.166300793,0.387294796,0.25012245,0.053384947
59019,0.071824735,0.334028849,0.408831262,0.125891525,0.05942363
59102,0.120332576,0.121007518,0.493863383,0.183078823,0.081717699
59109,0.21670761,0.334860523,0.150246752,0.182649538,0.115535578
59110,0.100372192,0.206772562,0.405638864,0.184757256,0.102459126
59121,0.355510103,0.091622753,0.380683313,0.133738368,0.038445464
59126,0.069979463,0.318458903,0.423884891,0.140741649,0.046935094
59132,0.105164378,0.17494201,0.327160192,0.331905036,0.060828384
